00000222
00001222
00002022
00002122
00002202
00002212
00002220
00002221
00010222
00011222
00012022
00012122
00012202
00012212
00012220
00012221
00100222
00101222
00102022
00102122
00102202
00102212
00102220
00102221
00110222
00111222
00112022
00112122
00112202
00112212
00112220
00112221
00220002
00220012
00220020
00220021
00220102
00220112
00220120
00220121
00221002
00221012
00221020
00221021
00221102
00221112
00221120
00221121
01000222
01001222
01002022
01002122
01002202
01002212
01002220
01002221
01010222
01011222
01012022
01012122
01012202
01012212
01012220
01012221
01100222
01101222
01102022
01102122
01102202
01102212
01102220
01102221
01110222
01111222
01112022
01112122
01112202
01112212
01112220
01112221
01220002
01220012
01220020
01220021
01220102
01220112
01220120
01220121
01221002
01221012
01221020
01221021
01221102
01221112
01221120
01221121
02020002
02020012
02020020
02020021
02020102
02020112
02020120
02020121
02021002
02021012
02021020
02021021
02021102
02021112
02021120
02021121
02120002
02120012
02120020
02120021
02120102
02120112
02120120
02120121
02121002
02121012
02121020
02121021
02121102
02121112
02121120
02121121
02200002
02200012
02200020
02200021
02200102
02200112
02200120
02200121
02201002
02201012
02201020
02201021
02201102
02201112
02201120
02201121
02210002
02210012
02210020
02210021
02210102
02210112
02210120
02210121
02211002
02211012
02211020
02211021
02211102
02211112
02211120
02211121
10000222
10001222
10002022
10002122
10002202
10002212
10002220
10002221
10010222
10011222
10012022
10012122
10012202
10012212
10012220
10012221
10100222
10101222
10102022
10102122
10102202
10102212
10102220
10102221
10110222
10111222
10112022
10112122
10112202
10112212
10112220
10112221
10220002
10220012
10220020
10220021
10220102
10220112
10220120
10220121
10221002
10221012
10221020
10221021
10221102
10221112
10221120
10221121
11000222
11001222
11002022
11002122
11002202
11002212
11002220
11002221
11010222
11011222
11012022
11012122
11012202
11012212
11012220
11012221
11100222
11101222
11102022
11102122
11102202
11102212
11102220
11102221
11110222
11111222
11112022
11112122
11112202
11112212
11112220
11112221
11220002
11220012
11220020
11220021
11220102
11220112
11220120
11220121
11221002
11221012
11221020
11221021
11221102
11221112
11221120
11221121
12020002
12020012
12020020
12020021
12020102
12020112
12020120
12020121
12021002
12021012
12021020
12021021
12021102
12021112
12021120
12021121
12120002
12120012
12120020
12120021
12120102
12120112
12120120
12120121
12121002
12121012
12121020
12121021
12121102
12121112
12121120
12121121
12200002
12200012
12200020
12200021
12200102
12200112
12200120
12200121
12201002
12201012
12201020
12201021
12201102
12201112
12201120
12201121
12210002
12210012
12210020
12210021
12210102
12210112
12210120
12210121
12211002
12211012
12211020
12211021
12211102
12211112
12211120
12211121
20000200
20000201
20000210
20000211
20001200
20001201
20001210
20001211
20002000
20002001
20002010
20002011
20002100
20002101
20002110
20002111
20010200
20010201
20010210
20010211
20011200
20011201
20011210
20011211
20012000
20012001
20012010
20012011
20012100
20012101
20012110
20012111
20100200
20100201
20100210
20100211
20101200
20101201
20101210
20101211
20102000
20102001
20102010
20102011
20102100
20102101
20102110
20102111
20110200
20110201
20110210
20110211
20111200
20111201
20111210
20111211
20112000
20112001
20112010
20112011
20112100
20112101
20112110
20112111
21000200
21000201
21000210
21000211
21001200
21001201
21001210
21001211
21002000
21002001
21002010
21002011
21002100
21002101
21002110
21002111
21010200
21010201
21010210
21010211
21011200
21011201
21011210
21011211
21012000
21012001
21012010
21012011
21012100
21012101
21012110
21012111
21100200
21100201
21100210
21100211
21101200
21101201
21101210
21101211
21102000
21102001
21102010
21102011
21102100
21102101
21102110
21102111
21110200
21110201
21110210
21110211
21111200
21111201
21111210
21111211
21112000
21112001
21112010
21112011
21112100
21112101
21112110
21112111
