# size = 272
12111000
02022201
11221112
00100101
11000000
21110012
01021122
20020011
20112201
12221110
10221020
10200020
20222112
01121111
00120201
20111200
21210100
21120110
01012110
22221202
22101102
20202100
22200022
21111111
10111221
22022122
01112200
11222222
11120200
21000001
11221220
11221012
10102010
21201102
22020011
22221122
12100201
12101100
20220102
01021022
01200002
01122102
11211222
22202210
12110120
01010120
02202122
22220010
12222021
10201200
21120121
22110121
21200012
12000212
22100120
00111001
00210202
12222012
21001121
22020102
22021220
12010112
20111101
00101202
21001200
21022122
00222112
10022011
21000220
02121111
10020121
10101101
01200210
10211200
01200100
10201222
02222102
22000210
02101120
20212100
12122002
12202122
01020101
22200120
10201220
10102200
22112100
02110010
12010220
02212012
02202120
11120122
10211100
20120110
01120220
02222112
12112111
02011202
00101001
01112210
02122011
00111200
00212010
20220010
10121021
20001010
10210011
11201211
12102102
00212021
11011112
11022011
12212222
21210122
10210022
10210211
10211111
20010010
11001110
00222221
10121220
21202102
11221201
00210012
02001020
20211202
20010211
22101020
21122110
02121211
20111210
21220000
12101110
01020220
10102201
21111212
10201012
12011100
22000020
01210211
21002101
00110212
00202022
20000101
20200011
12210002
11010100
22112011
00202110
22122012
10121121
22010202
02220100
10010021
01122100
01202001
02100121
01012002
00100020
00002121
11001202
20010001
22021122
02120110
20222111
11011021
11120002
21212001
00221001
12121010
11102102
02110110
01220201
11111210
21112211
20100000
20121010
11012020
22210220
00220121
12200111
10020201
10122200
21200220
00211212
20102222
12001122
10212010
11002221
00211112
22012021
10202101
02020111
11200120
00221110
01012100
22211020
01101211
10122111
01201221
11222011
01101122
00211200
02002002
22120222
11222000
02121122
21102110
00111111
00222022
02011120
01120201
01120121
10101200
01100120
02221222
21020111
12110101
02201000
11221002
20121011
02011212
10202202
01010212
22101101
01200222
10001100
20220210
22112200
20111020
21012111
21221021
22201211
10100112
12001111
12002212
20222200
02211200
11201000
20122112
22121000
11220120
12220011
11210202
20102112
01111122
12011122
10012211
01101220
11012202
11111012
11021221
00000011
00220222
00121211
10102221
00120121
22211010
22121220
20202220
01122011
12112220
01102011
00102221
20222020
00202221
00121000
20211222
12200102
01210022
21220122
20202222
