000200
202002
202222
210121
210122
212000
212202
011210
221012
020200
020222
222000
021001
021022
021120
222202
022111
022122
022200
022201
022221
101000
101001
101012
101022
101110
101201
101202
101210
101212
101221
102021
102022
102101
102111
102120
102122
102212
102221
110002
110010
110011
110021
110022
110112
110122
110211
110212
110220
110221
110222
111000
111001
111002
111011
111022
111110
111121
111122
111202
111211
111212
111220
111221
111222
112022
112101
112111
112120
112200
112210
112220
112221
120021
120022
120102
120110
120112
120122
120200
120222
121021
121110
121202
121210
121212
121222
122000
122010
122011
122012
122020
122100
122101
122110
122111
122112
122122
122201
122212
122221
122222
200000
200010
200022
200102
200110
200111
200120
200121
200201
200202
200210
200212
