0010121
0010122
0010221
0010222
0011021
0011022
0012021
0012022
0020111
0020112
0020211
0020212
0021011
0021012
0022011
0022012
0100211
0100212
0100221
0100222
0101201
0101202
0102201
0102202
0200111
0200112
0200121
0200122
0201101
0201102
0202101
0202102
1002011
1002012
1002021
1002022
1002101
1002102
1002201
1002202
2001011
2001012
2001021
2001022
2001101
2001102
2001201
2001202
0010111
0010112
0010211
0010212
0011011
0011012
0012011
0012012
0020121
0020122
0020221
0020222
0021021
0021022
0022021
0022022
0100111
0100112
0100121
0100122
0101101
0101102
0102101
0102102
0200211
0200212
0200221
0200222
0201201
0201202
0202201
0202202
1001011
1001012
1001021
1001022
1001101
1001102
1001201
1001202
2002011
2002012
2002021
2002022
2002101
2002102
2002201
2002202
0111001
0111002
0112001
0112002
0121001
0121002
0122001
0122002
0211001
0211002
0212001
0212002
0221001
0221002
0222001
0222002
1010101
1010102
1010201
1010202
1020101
1020102
1020201
1020202
1100011
1100012
1100021
1100022
1200011
1200012
1200021
1200022
2010101
2010102
2010201
2010202
2020101
2020102
2020201
2020202
2100011
2100012
2100021
2100022
2200011
2200012
2200021
2200022
1111221
1111222
1112121
1112122
1112211
1112212
1121211
1121212
1122111
1122112
1122221
1122222
1211121
1211122
1212111
1212112
1212221
1212222
1221111
1221112
1222121
1222122
1222211
1222212
2111121
2111122
2111211
2111212
2112221
2112222
2121111
2121112
2121221
2121222
2122211
2122212
2211111
2211112
2211221
2211222
2212121
2212122
2221121
2221122
2221211
2221212
2222111
2222112
1110001
1110002
1111111
1111112
1120001
1120002
1121121
1121122
1210001
1210002
1211211
1211212
1220001
1220002
1221221
1221222
2110001
2110002
2112111
2112112
2120001
2120002
2122121
2122122
2210001
2210002
2212211
2212212
2220001
2220002
2222221
2222222
