001012
001022
001102
001202
002011
002021
002101
002201
010021
010022
010120
010220
020011
020012
020110
020210
100201
100202
100210
100220
200101
200102
200110
200120
001011
001021
001101
001201
002012
002022
002102
002202
010011
010012
010110
010210
020021
020022
020120
020220
100101
100102
100110
100120
200201
200202
200210
200220
011100
011200
012100
012200
021100
021200
022100
022200
101010
101020
102010
102020
110001
110002
120001
120002
201010
201020
202010
202020
210001
210002
220001
220002
111122
111212
111221
112121
112211
112222
121112
121211
121222
122111
122212
122221
211112
211121
211222
212111
212122
212221
221111
221122
221212
222112
222121
222211
111000
111111
112000
112112
121000
121121
122000
122122
211000
211211
212000
212212
221000
221221
222000
222222
